            36       //全区总点数
   XYZ
  1  BJFS    -2148743.997802    4426641.285427    4044655.885401  0
  2  BJSH    -2154109.170299    4373150.558968    4099357.118647  0
  3  CHUN    -2674435.205056    3757165.506505    4391490.765334  0
  4  DLHA     -651916.645280    5034784.620295    3852829.678724  0
  5  DXIN     -854044.786570    4746318.724567    4161727.276732  0
  6  GUAM    -5071312.792513    3568363.532015    1488904.291017  0
  7  GUAN    -2324045.568208    5386099.027580    2495556.650623  0
  8  HLAR    -2068717.353121    3620787.721314    4810717.155431  0
  9  IRKT     -968332.185       3794425.419       5018167.746     1
 10  JIXN    -2259012.116385    4333892.032634    4084475.202235  0
 11  KMIN    -1281316.132890    5640733.489237    2682877.477425  0
 12  KUNM    -1281255.616854    5640746.083449    2682879.976283  0
 13  KWJ1    -6160881.014       1339882.966        960810.443     1
 14  LHAS     -106937.885859    5549269.569939    3139215.788402  0
 15  LUZH    -1485722.316350    5388883.500305    3061670.551502  0
 16  QION    -2047697.842386    5673712.758624    2066498.604346  0
 17  SELE     1046790.839       4540257.066       4342920.754     1
 18  SHAO    -2831733.429509    4675665.991577    3275369.420288  0
 19  SUIY    -2987518.053969    3447904.077445    4442860.647680  0
 20  TAIN    -2348928.794332    4585650.359036    3747619.143878  0
 21  TASH     1287182.492170    4883388.691358    3887595.438603  0
 22  TSKB    -3957199.262576    3310199.691008    3737711.631929  0
 23  URUM      193030.727954    4606851.306149    4393311.397595  0
 24  USUD    -3855262.997       3427432.528       3741020.350     1
 25  WHJF    -2279850.637597    5004696.748556    3219777.744236  0
 26  WUHN    -2267749.327400    5009154.275221    3221290.655072  0
 27  WUSH      899913.601589    4721881.979839    4180271.919484  0
 28  XIAA    -1718592.470991    4995226.398076    3563105.885258  0
 29  XIAG    -1024879.611866    5665042.325705    2740825.493084  0
 30  XIAM    -2734833.835332    5125633.943933    2623766.340793  0
 31  YANC    -1512848.531482    4816556.788763    3886841.239701  0
 32  ZHNZ    -2064539.539397    4839101.304744    3594439.797728  0
 33  IISC     1337936.724126    6070317.091440    1427876.618744  0
 34  XNIN    -1046499.264043    5020528.830180    3783317.392716  0
 35  KIT3       1944944.7765      4556652.3311       4004326.0485    0
 36  YONG    -2320650.21702    5648402.458059   1835263.999083  0